0 0 500 1000 1500 
0.9 1.0858275670498643 0.061520616315652435 0.01030593058877762 0.005075414172110335 
0.91 1.1352106113072515 0.038610650703752636 0.008377189985561136 0.004324343070875776 
0.92 1.0902833245602652 0.029714320429165365 0.006811365719178544 0.003611561407162351 
0.93 1.1111726116878706 0.019688528032966526 0.005464307221620011 0.002992026272039537 
0.94 1.1089022086121934 0.01387708904083732 0.004218067870044962 0.0023776747513059144 
0.95 1.1127724765717464 0.010092976518651785 0.003304266551890395 0.0018936256525690118 
0.96 1.0880863642824206 0.006770122294224497 0.0024013367114354865 0.001428290496184391 
0.97 1.1092078723684624 0.004248727928946643 0.0016476428443471904 9.929306421127618E-4 
0.98 1.0795910014965324 0.002210060351693185 9.478362592724001E-4 5.897106371238745E-4 
0.99 1.0624503546140602 1.8674485328979052E-4 1.3727307397162753E-4 1.115501553522063E-4 
