0	0	500	1000	1500	2000	2500	3000	3500	4000	4500	
0	0.1362534092977666	0.12458038799242717	0.12304830195044934	0.11222228603774684	0.08751655926795847	0.03811168783624762	0.010323085965732932	0.004998547593566384	0.0031583122532588557	0.002268975884080598	
1	0.1633781907765361	0.12364774980990316	0.11643745856856294	0.09339827854336052	0.07064660685969981	0.018600574962368194	0.006862786830516154	0.00387754873913215	0.0026335572058211287	0.001970679343725968	
2	0.15996877514934557	0.12500077705413049	0.12500497731847754	0.12493817322869265	0.12488515685296092	0.12462669730121934	0.12262969629963685	0.10840397061260715	0.08247589755816268	0.029158425611748924	
3	0.1565848233356547	0.12490135504870725	0.12465415269279302	0.12322506834973827	0.11128344404936327	0.08945575592550081	0.05087757810949473	0.012592405623690852	0.005577144212067098	0.003394061831922162	
4	0.1544587468620214	0.12498418120819768	0.12498725660494936	0.12493749375596089	0.12483776058004777	0.12410501937314225	0.11715015863339136	0.09413985553170144	0.0513912975877369	0.012850139619320036	
5	0.18606415205856064	0.12294195995075154	0.11041129071068598	0.08834306500955554	0.04671829316439584	0.011779110595700014	0.005374168064199121	0.0033108328254930768	0.0023476091749837225	0.0018015426945380134	
6	0.1439078054661089	0.12245414858749232	0.10722813758171236	0.08552395674928352	0.048103149408917516	0.011941076716301142	0.005394053902685137	0.003311942907699405	0.002344920512750445	0.0017981712813780683	
7	0.19205506093603242	0.12357114992225038	0.11449681745103582	0.0873845149012339	0.03428720375508998	0.009757279283973035	0.004851740406562401	0.003098368774676343	0.0022380553411344424	0.0017366053254326789	
8	0.188007232592642	0.12488666046774391	0.12430739459873565	0.1184978660647418	0.0967977011358663	0.067755080827505	0.017602947145417686	0.006717544516460452	0.0038384048543315076	0.0026188475212337906	
9	0.13482132988840584	0.12500813629382124	0.12497033344178216	0.12495639508041945	0.12491227476124221	0.12477272969898234	0.12383781766949979	0.11493820700467525	0.09124688704108139	0.06962654022044687	
10	0.14464710860339053	0.12446739859252469	0.12095606920601797	0.10348486857811089	0.0820889295875967	0.030079082992878044	0.0089238690237675	0.00457318541790108	0.0029658627930557535	0.0021619360720611996	
11	0.15249693821741306	0.12291524712520205	0.11031545461990495	0.08515394932534612	0.032837988650428925	0.009472051863575	0.004759489115465283	0.0030562689870348323	0.0022149032259829397	0.0017223746150127376	
12	0.16559132722444145	0.1226012403103097	0.107774752761982	0.08649253009996627	0.04780634569263241	0.011915522481328183	0.005390159055946258	0.003310631669415073	0.0023441144918305897	0.001797439279312715	
13	0.14000667927571508	0.12444358627290034	0.12214760755758632	0.10776181679723627	0.08270048877783087	0.02947794355838098	0.00887894807068947	0.004571155255134212	0.0029689457578909832	0.0021653745476437163	
14	0.15276858047407693	0.12482622590006755	0.12427625100049085	0.11942902388743998	0.09207239677496248	0.07389572068490358	0.06856561774006477	0.06647417106000802	0.06543964573395053	0.06476847561205022	
15	0.16365145589639085	0.12487918620786405	0.1242799124204087	0.1191673492293345	0.09720544765590454	0.0629264986236913	0.015776210803362712	0.006349899933148853	0.003706442060209625	0.0025550395532277274	
16	0.14006722623606055	0.12272110864238141	0.11014779436288934	0.08608682882970356	0.03604006374815083	0.009964648629633668	0.004894289928066075	0.0031123156201255833	0.0022438384132861264	0.0017393846254689011	
17	0.14161766607215	0.12436017780502764	0.1209237123391198	0.10219994466891578	0.07795953515393689	0.0243225275101207	0.00796856940866835	0.004271575407652788	0.002827029342723658	0.0020838450641165298	
18	0.17970598042118774	0.12496252414939671	0.12491252050110664	0.12481405201939216	0.12453210716238486	0.12270964986632324	0.10487806495353275	0.07804695661068647	0.06978796777611786	0.0669818227869319	
19	0.16568913743404198	0.11993232107940566	0.09869639827566444	0.06320712459449798	0.015751394740596614	0.006356545510318796	0.00371346085179363	0.0025609795277461303	0.0019324690727537536	0.0015419047824677713	
20	0.15088926184063867	0.1243849903866053	0.12182492875382911	0.10531774549401854	0.0765162121008412	0.022128552112425204	0.0076247147403901375	0.00416882152880692	0.0027834790139957192	0.002061535515474273	
21	0.130867792063122	0.12360440086317337	0.11653312351815219	0.09501269445580597	0.06285498154592159	0.0157225722767832	0.006318238154747923	0.0036918178870989924	0.002547638988480892	0.0019236270291559852	
22	0.15825218933628793	0.12272299605452053	0.10917134341149305	0.08023681335926153	0.025317177759975724	0.008210283839905196	0.004365780841160715	0.0028760828451346275	0.002113656088774862	0.0016580191173214097	
23	0.16540857063997266	0.1248512793661122	0.123825451098544	0.1143173432255225	0.0869910692411842	0.03515657286102451	0.009892883795496497	0.00488859293539079	0.0031138959885073985	0.0022462978160099536	
24	0.16626976250680017	0.12413119239177661	0.12047224758651576	0.10197929443392817	0.07770469683054812	0.02387974632175906	0.007884131235703803	0.00424350574247962	0.0028143235188062693	0.002077147351357645	
25	0.16121264282634215	0.1250077082126039	0.1250106667646296	0.12501289182464556	0.1250019984537894	0.12501073970363666	0.12500589144827745	0.12500011342337466	0.12500376940240582	0.12500150216084818	
26	0.1291103898177935	0.12466513735551757	0.12197058384393426	0.10516268571643317	0.081115498990295	0.028087371895400434	0.008643710814366323	0.004494858306767567	0.00293227244879218	0.002143854858020435	
27	0.16354280127441054	0.12106093376785088	0.10163335536264347	0.07884108710616206	0.025674555056927204	0.008203204122601703	0.0043469863725942295	0.0028614757688637795	0.0021028584272939892	0.0016498272265136366	
28	0.13744019781387073	0.1224564904975127	0.10723791785935544	0.07569979639317428	0.021442019297762117	0.007528431980818759	0.004142143058879276	0.0027724911002194913	0.002055794884852397	0.0016217680195762165	
29	0.17810208009444392	0.1250048293609251	0.12432575568550762	0.1197179351377696	0.09179324247693693	0.07334595277715948	0.06832268639639855	0.06634162909419183	0.06533016981244956	0.06472404155650607	
30	0.17548188888597377	0.12479997734221256	0.12377929307855043	0.11598422586724977	0.09050267756070948	0.04084943212836976	0.01086874869550352	0.005168527956022837	0.0032360358433501397	0.0023126610253118157	
31	0.13293116440228564	0.12496980554823736	0.12489504629269643	0.124430873681217	0.11980757321907932	0.0983962166659181	0.062349255331379874	0.015605999675267952	0.006330459622965103	0.003704702067989941	
32	0.140857955717118	0.12476091596719664	0.12402217484833433	0.11880608744123838	0.09668803126497709	0.05734268103024557	0.01415648253152032	0.0059947357396435644	0.0035733650279003142	0.002489470539059734	
33	0.19028039897711063	0.12480202910164787	0.12373235311470134	0.1147623081660808	0.09000175869400925	0.0757209088842791	0.06999735341205057	0.06746990487115959	0.06611763805132781	0.0653075289926488	
34	0.1674102228946908	0.1246992855036854	0.12331998438717941	0.11600249674564567	0.0957064117777015	0.06491342958212297	0.01639430022899753	0.006456658741313049	0.0037428489986791706	0.0025731451116262974	
35	0.18740961824650962	0.1246630884332192	0.12330337399212768	0.1114313272309097	0.08105164350053347	0.07062950240734588	0.06733944072378152	0.06589023310001303	0.06504880510963884	0.06454288394373195	
36	0.1555022577058111	0.12498471672398187	0.12474557632671773	0.12319646697297212	0.11103389740016617	0.0835065825528792	0.029517146162957367	0.008936647762227745	0.004597731833867838	0.00298239272126038	
37	0.1735923963036999	0.12502870999792032	0.1250126435317624	0.12497796703366099	0.12494618958567624	0.12475912823057729	0.12349983094779127	0.11412310100952251	0.09475619306184634	0.0684714963845986	
38	0.13965059031164287	0.12461049209726335	0.12260294570650565	0.10920025413158506	0.08668854237344727	0.04222428613547341	0.010950829304675473	0.005150715837520886	0.003215785664830126	0.002296270624980585	
39	0.1566126636875065	0.11992958146211762	0.10181135302303344	0.08521303289924512	0.0407736866330201	0.010606625953492118	0.0050410270776453	0.0031660329588627614	0.0022693803178284676	0.0017535346462973153	
40	0.14712725421963868	0.12379130935593641	0.11474702813809129	0.09058264468067508	0.04667736481073628	0.011858582414825309	0.005415939871961363	0.0033350606943915164	0.002363311424653002	0.001812622813034853	
41	0.15769948979321308	0.12499534220924108	0.12496487755672094	0.12491031438621424	0.12461040191983933	0.12190442197391037	0.10441677936680119	0.07413789521544632	0.020650625234333572	0.007361415818071794	
42	0.18584471236443767	0.12495457850166183	0.12487231303380726	0.12460691585466513	0.1229629917743823	0.11143482592974763	0.08946565982119317	0.050210550778841505	0.01244809203102879	0.005538712316380749	
43	0.16342595822592568	0.12476154324460892	0.12405328852245667	0.11760394250407202	0.08779234626194883	0.07246598479990735	0.06801348659553225	0.06619106269896145	0.06523265609779165	0.06465729112535949	
44	0.14948054465803864	0.12489972778415603	0.12424907284053067	0.11788262781761744	0.0958759525969877	0.07560185175180648	0.022977016617812807	0.007684807983841323	0.0041633309529539465	0.002770868039410629	
45	0.14743473078699007	0.12422545660247206	0.119207330337558	0.09741837710692063	0.07879184674844808	0.03458851616021804	0.00951701311323015	0.004715503574998974	0.003016844115736577	0.002184089010238404	
46	0.1675664765759405	0.1244692982040479	0.12054774138044845	0.09950841455555465	0.06156986823251529	0.01536869777353941	0.006287682170480094	0.003691526698522257	0.00255144174624318	0.0019275730451058838	
47	0.1705282631116277	0.12189074004769039	0.1058777801682097	0.08620258029517261	0.04271736558713429	0.011009077175889783	0.005162583059713923	0.003220999424411651	0.0022998445308493472	0.001772662369548841	
48	0.178788527682426	0.1246645432116022	0.12225057093110547	0.10545946925447312	0.07275873398373645	0.01969134941520971	0.007201609713298169	0.004031733243980964	0.0027211464204809858	0.0020273982409128315	
49	0.13761814091897956	0.12308372251861643	0.11539546688259746	0.09785730920075845	0.07939413738742511	0.025906705623231885	0.008162906133954543	0.004320678339253777	0.0028477733512974517	0.0020954724718432955	
