0	1	2	3	4	1	2	3	4	
MIN2	0.045309599048644365	0.9427472808603317	0.4977760110222701	0.5054833125468352	
MIN2	0.04851960966859203	0.49547466200622575	0.9443694100337786	0.503301041678082	
MIN2	0.05638667976303919	0.9268160315987372	0.4978641395899085	0.5089895537435694	
MIN1					0.5018405710876942	0.5004881496057617	0.5029248759590365	0.5015359487520425	
MIN2	0.07028709452691805	0.9502454353473272	0.4904894282707552	0.5002650253170824	
MIN1					0.08780313200822822	0.66022157452163	0.6601195850497003	0.671864589015289	
MIN2	0.074306610957989	0.931133716789989	0.49161381049857916	0.5050419053762215	
MIN2	0.049681173639548964	0.9441973685534785	0.49652827545171413	0.5046749683851866	
MIN2	0.05958226628586666	0.921309375498794	0.4982227125857439	0.5104197509069903	
MIN2	0.052741537524424426	0.49600580748447887	0.9340049290558498	0.5056628289207135	
MIN2	0.08127529891792497	0.942514082361053	0.4879133613800136	0.5001567814008133	
MIN2	0.05502052268868815	0.9403133284312611	0.49577276395274594	0.5051416583280771	
MIN1					0.5019390454702648	0.5015991076990715	0.5017569295931044	0.5014129423309531	
MIN2	0.06598459950210164	0.9492351383462513	0.4918205480698048	0.5013064414016242	
MIN1					0.5042296675255383	0.5075052844627057	0.4960641727462286	0.4992096315980299	
MIN1					0.5014000399430102	0.5015256059071383	0.502222476018944	0.5023442988926925	
MIN2	0.057364757217850566	0.49447912048117276	0.9358133317181532	0.5046074798507285	
MIN2	0.05603159313241645	0.9328738116512846	0.4966724492851255	0.5071629946632865	
MIN2	0.05427187125441879	0.49819939874314834	0.9256585555431336	0.5078649626359063	
