0.9035122722251167 0.09710592228742487
0.10977287950841064 0.3148252143428648
0.28582989372174405 0.5535603931773171
0.4825351741695716 0.401330445437141
0.5337761180868957 0.45089618595955705
0.2643269133506918 0.9165350427097689
0.5792133039815746 0.4105836323442934
0.9864100606716873 0.7033426293031838
0.969660158503157 0.40374363217640574
0.42271521936050294 0.10530783805978694
0.7521291811045641 0.7838800155649811
0.12484646956853107 0.6990801434456124
0.6169824106115169 0.2928087450689969
0.8213309877620596 0.7585984954821458
0.014736362342447795 0.6380384827706115
0.4738388381864761 0.9035383496799118
0.6414516505898925 0.24036765364967683
0.027421104890155812 0.7239786496721529
0.1533231443371963 0.2672401885402754
0.4936618773740503 0.0655532034761881
0.20404677587514686 1.8874739340446478E-4
0.9522984358969732 0.22318105083960094
0.5458348170779793 0.4712430372315445
0.5104019108740613 0.43903119049944195
0.6796274954540424 0.4594473648860249
0.49377154956364644 0.08942671990470863
0.3377425739556309 0.13462111176400415
0.9409527111528823 0.6056222772018033
0.9483105930803146 0.9044066533526093
0.12483729640939933 0.26415995289763905
0.3016198660249255 0.48021665127141266
0.8860333003343166 0.2951960539081009
0.5099770690759201 0.27391036277475367
0.49390045087083356 0.9817151159715208
0.2326232169867064 0.6016277327595855
0.21195971854686835 0.453813887978999
0.12638125666319255 0.3155639621779964
0.7397120671690708 0.1485839260254107
0.3331829292221179 0.8338433172721211
0.847023503104331 0.45798816100104844
0.7952509582792112 0.8419243331323577
0.7567390416252191 0.5905352208755738
0.2114470739812182 0.8702627887423714
0.40134538350720983 0.10813806551300387
0.4121633506425485 0.7528023315340527
0.7192977184106205 0.3741840943908261
0.235366240222172 0.25583672942256075
0.3145492375073723 0.48317644916002733
0.48764275660882384 0.5677594469191954
0.3216371220177173 0.1036567094371258
0.7518576122444275 0.41060629513883995
0.4937400656565303 0.17259894744462267
0.7207682941263783 0.4010235554813919
0.09300210801869235 0.5073229148229504
0.3804727848648115 0.7992867667684666
0.040883413638091115 0.983428043268172
0.25164027222398866 0.4384642272760221
0.8689240732624839 0.33936586499152277
0.33376462512437266 0.3476519601757254
0.9152255912734062 0.24865124767527036
0.6414980865401367 0.45017899900527336
0.7505853655260335 0.46704601085792063
0.6905819384128927 0.005369850526804498
0.7299272105700413 0.033763234470492676
0.3823997136009445 0.9280013522776049
0.261717315775306 0.35334230876145745
0.2704180455033973 0.2107773366403286
0.8553085394456602 0.1816875098123546
0.29257532380622997 0.388325684012262
0.656376089581217 0.09828535480422185
0.32142612721348673 0.3721571165396733
0.37233885121536814 0.47734479589253975
0.9863961847746423 0.8686543548697216
0.570981224708922 0.9084328895264079
0.5646446509208625 0.7418010440898916
0.4831932526777405 0.6157122249502118
0.6500182855175053 0.8909358619232715
0.22070325642700095 0.7258944313289426
0.23332290618026896 0.8260555346013408
0.8004166831377003 0.8762609058832398
0.23895670631763943 0.2139300451912317
0.7747853000154956 0.6850385088544442
0.9381050726632206 0.8023070329142248
0.577671692675559 0.837677992352285
0.5290359673579627 0.6764856248104805
0.209434392295618 0.7610793338236762
0.3834458642895434 0.061269150807812034
0.7540266983551526 0.3959068398645166
0.9873828701584466 0.7978455756519616
0.02290517650282109 0.13033764453195573
0.8933426596331817 0.6718922283015484
0.5167061029596628 0.20253042471771388
0.4285452854746269 0.5821371819383999
0.538329843585673 0.34292207769216143
0.18875688105092991 0.19176890282467363
0.566247670049885 0.23676500950028456
0.8287218774946903 0.03240299340850161
0.839355669539372 0.896328626274037
0.03656065416071175 0.18622092609590535
0.030787275281959237 0.02082779743770269
0.3878885683818146 0.15336865295942115
0.5459935658236269 0.44007580417064396
0.9802112787411401 0.14561116803992957
0.9260397401530202 0.33382903168689715
0.05784651831328336 0.9782185935094143
0.8981402473476232 0.8996798679096415
0.9134766819012292 0.22724512131805708
0.6134100698559068 0.6628726709978997
0.8495563508756524 0.2376942899571265
0.8675216430451178 0.8113436101604955
0.3963866460985839 0.6230464866967936
0.055125348760451165 0.9316124685955198
0.5543560919485412 0.37268784924803555
0.05144663764699908 0.15063547438302594
0.29126925501024303 0.04767740967458389
0.002514150399821946 0.7866120925676353
0.2726968585330578 0.42515656549744063
0.8405193575496458 0.7287363646461256
0.04847474450507372 0.23771196328098643
0.04740388568068854 0.31162794536172245
0.7559114002944978 0.005731404240357008
0.11471380417428012 0.6437313405733729
0.1565435485987836 0.7877788599407242
0.6984977883149589 0.031134142718544644
0.8994205680548868 0.6870618178148682
0.46597848487568083 0.40273715486323036
0.32861561635869385 0.6643019164298212
0.06160433469588256 0.3994184031873542
0.35096954197773755 0.29508110474580185
0.5194402838437084 0.7798346828577337
0.6924091998329215 0.3247513952116562
0.06741815345773061 0.2334082727795469
0.6393839108366365 0.2294687611883558
0.3185761763239433 0.6168827932169219
0.9298413833808473 0.22646319367442624
0.531513293517579 0.20966667489127067
0.21548455680041512 0.031229476537272594
0.3322999888774114 0.9970278190227688
0.14717561960103498 0.2835003445875073
0.1922510716679331 0.2229877299690628
0.5078638627697374 0.3992292456458658
0.4542782618543656 0.17740610902628673
0.4984368726049694 0.3752629854278039
0.5629982673757542 0.10060553636489278
0.4159924556258052 0.03657997769217425
0.3080760997092059 0.5271145799403056
0.8128353946314002 0.6322597518310306
0.28059023497120983 0.5277120218640864
0.42851076437509217 0.45791959419871475
0.297698499941743 0.4135649083636862
