0.1742289386433229 0.23736383776270387
0.49595698360179674 0.5873119238511467
0.3918938345374937 0.8586859271800336
0.3335878023731623 0.22605376179197467
0.11109927685196097 0.9387165188436949
0.9897076904559617 0.3771374180495236
0.8188324202344865 0.06043824190916469
0.6787181620073586 0.747364032740601
0.8215958416110044 0.49469882755406314
0.9526441728738249 0.8600149733045028
0.7310580159083712 0.9604691796804845
0.762864918807165 0.1977043946571998
0.7731543356924601 0.8284795824761101
0.32177200297689035 0.9054134659107598
0.6901097116670738 0.41823974544076736
0.5831151443736988 0.7635578717621712
0.4251857474847375 0.8213447985680713
0.39169963521276296 0.38571770234337677
0.010860920602468127 0.3856038287956277
0.6059397801744624 0.38141250245392333
0.7355550255062477 0.07668316005403863
0.5187274807204987 0.4543171087294856
0.3028531118460429 0.29354699662381034
0.14467455474934765 0.40162482896874907
0.1605228652851548 0.10644352967800419
0.7579631016791263 0.3071339502366607
0.6652382582019873 0.40016429729665737
0.6869722759371569 0.6454307122529718
0.4728299454988053 0.7112334999920912
0.4693876066564858 0.6681153871078606
0.7853580920085833 0.9242170464947532
0.9981470784894405 0.4328178858538966
0.8064084305396367 0.6657772329475126
0.4784088079327926 0.9502316137850669
0.4047063945929762 0.3481830154372506
0.8006544705402348 0.7304982321163359
0.9574250445358972 0.3717783475304318
0.7083337566173152 0.5509876733379344
0.5492823591673343 0.4176013457453903
0.6964245249726007 0.7228297151267373
0.013783337276163654 0.1981905313906953
0.22751228872871643 0.21431457268140486
0.15325040425655034 0.3953774971731573
0.08258670162793313 0.4897536923919835
0.6857535764180196 0.17046048734914698
0.4243987465256732 0.7635278529295516
0.39259954801903085 0.05934439453661433
0.7031109241130681 0.6207595936772671
0.30909646071083363 0.19957880421214214
0.9818369920194999 0.733021499550976
0.1744980946120237 0.7206856896940077
0.2854888904276388 0.17932695939796361
0.8820653538075145 0.44097811356496575
0.5504999531768588 0.7153251379471519
0.8617394476882867 0.3548571175452332
0.3048597487263123 0.5256057435226604
0.8752998697094074 0.752808042188461
0.49424253649319805 0.3265359472867756
0.8416787315170686 0.39355524485469684
0.18564279958022167 0.814289441281463
0.06827611394638178 0.7713680664840159
0.911414776492931 0.07401542185291365
0.9450892450016445 0.14736729091349032
0.34609614119139476 0.10834099417741083
0.670194030492324 0.3550962752423319
0.830811098942549 0.5983093197354938
0.7802784887960085 0.4884086951431822
0.08321853405467272 0.7267115978555507
0.282624488407321 0.16221705505370043
0.1844117373021089 0.5348277918974641
0.6475685171449866 0.7980513637813751
0.818625055385238 0.8053251289833012
0.3646973837838968 0.8437996393161061
0.9075347665891479 0.8938570265001706
0.04296927255290206 0.20743308602996857
0.13064724988340393 0.8658975498667579
0.23100044694217792 0.7545457941487302
0.48722104061247473 0.4495337584647533
0.6297805675064396 0.4616033667309468
0.999759701411509 0.11775218311254343
0.9127161711448748 0.5372112040832704
0.03900068615825647 0.23469507995295347
0.5633014021651854 0.9088197636386405
0.024958505234799366 0.06543649076793356
0.5620158325830127 0.3303989040364992
0.7486484137993425 0.19983937492053594
0.8852810549043201 0.944698057620113
0.024986635878945784 0.9520266433234551
0.29964234589297356 0.4188937933315242
0.36775756741290944 0.2672427566417601
0.377814379502004 0.9698055660870203
0.4330100102952211 0.4675314198488125
0.2703643042789444 0.7042134689088446
0.6392065547966663 0.0176434216899497
0.3757943110475187 0.49515733485498137
0.5048176867665648 0.7174075434924445
0.1581085632096514 0.5622332342254522
0.6807412938998626 0.7245243915465905
0.005634718952629347 0.35234429916167753
0.3827939249131289 0.5421352447325773
0.9527438349528741 0.1943276814563114
0.7424586436002378 0.3032174992432066
0.6467469924741273 0.13623014645912257
0.050360899054826214 0.15995497305594641
0.4874810034624756 0.016311255057979257
0.5380830513459023 0.3877617349376168
0.9302934571219204 0.5839629198794757
0.7495128591952352 0.6667455091114923
0.26659275286027895 0.5915302760738406
0.832339124235463 0.37224679754468415
0.7042769219969054 0.833247936745862
0.35827562181964134 0.9557586535039324
0.6676722930747022 0.05486229249257968
0.839819357081715 0.05545534273380637
0.3404097195457273 0.617334521987215
0.8918756285705873 0.042278639715277455
0.47411543885938834 0.42534031213274537
0.5875365507746925 0.9738031266918733
0.8499154638102954 0.8590191175094138
0.8231603568510601 0.911623765833106
0.3182083911738929 0.02699225200853894
0.9374672331725985 0.5793118744667298
0.15405160577841048 0.6893254259965854
0.45207131164227876 0.8112653272889765
0.3925515064715901 0.8687463241118969
0.8210942432058342 0.8637043708262374
0.7404291516627804 0.20967781287571285
0.49405372848941875 0.22783419061971177
0.3200847693309298 0.04150087707419858
0.16012475680955063 0.6093818222544757
0.8759989367947447 0.8637518767715635
0.32213742520752786 0.6166785673551812
0.41636816977799995 0.3184222830246336
0.3317046711880548 0.19134777390891244
0.6678467944569755 0.8143031036082374
0.571612550152003 0.6653090038065995
0.49079903259914837 0.3660642838018544
0.16870117487993175 0.3050299687537491
0.01779683164307999 0.4118066811832519
0.7999462864181238 0.493026820591429
0.5280323774833787 0.5399776721986381
0.7927434869294283 0.4629867275914238
0.9384864942852781 0.5794777060442194
0.5536636386334163 0.6284131739169068
0.9820481504899157 0.7281975772621935
0.8770770499120296 0.9138686079715059
0.647403317482369 0.5600941334338898
0.009791163541209347 0.9159142808781164
0.3712458187774993 0.27658736433746345
0.6859097970504054 0.38055427315172585
0.2698364747175397 0.014054977692856463
0.5792083587492804 0.12487870506785592
0.4549308471442045 0.6668317717497666
0.7854393096449649 0.797541692214527
0.12839754307914797 0.4184372777988785
0.7455616672463127 0.0520912373894904
0.5240022071459369 0.3843861906933421
0.15840940526308578 0.9225183412743146
0.32043238007693986 0.28975636592862397
0.4945924626798994 0.2957378903568819
0.4790963711403563 0.701503387408077
0.4587323127036328 0.1912552353305178
0.25813023843264515 0.08809833030675907
0.008755914381504804 0.7490873927081213
0.07855326080023295 0.8793028041870238
0.8359381478598443 0.6318877394341588
0.8204130509709169 0.10982167947413513
0.6704359531502161 0.7208654795972794
0.4001332096798713 0.36056908974341517
0.5521108251011333 0.7232081740554667
0.8198612214547374 0.0457798791908659
0.6590841733212844 0.5818416144869012
0.5113461818069628 0.7575453020381545
0.05829259062758374 0.20636960135054672
0.27922566440433716 0.6807870202899987
0.6340507421336189 0.9996723329626013
0.12359221497302553 0.04052169588987731
0.2354759742924054 0.49058433810746715
0.025843319515400753 0.8997507574598951
0.7721775073686817 0.3333115827551991
0.6082214287149966 0.08574123244197507
0.7202559592403246 0.14681271304190957
0.9119903977582773 0.4115659768706982
0.14945682851443365 0.18168768011417147
0.8743907398122435 0.2553980453538147
0.10062098807646613 0.2905253763599399
0.4464758885052642 0.5216670641128975
0.5069215705780304 0.626867430067214
0.8986373997832005 0.6467732046441125
0.8974772817586931 0.41245323425641534
0.2473233916885409 0.6993621760527409
0.4757403406686821 0.47821302563635093
0.006945484498119603 0.07843344455033074
0.6472086725002073 0.4375111261737874
0.795065575573996 0.3711355841579459
0.5241945894765864 0.05034358012905893
0.6474138254486207 0.3736402746747627
0.7153818382196002 0.7551128376090335
0.8569564016122534 0.30354186848971076
0.16437963456786864 0.32392606913631705
0.3642337160170759 0.47753097319512405
0.23774777680404202 0.46283258532613447
0.3683952659348936 0.5497932554388028
0.26929567609031535 0.01494336207823066
0.9534631864356697 0.9062145751054608
0.4787220176015393 0.6593812997985642
0.7812803378680465 0.3564475784263724
0.917298585566883 0.2762578166849148
0.5130836339285118 0.8017786746713148
0.9869307833804314 0.887349953478194
0.03021712520397557 0.7476528291674962
0.7321075850261056 0.7767613589051251
0.9122057665124602 0.864551611032481
0.9201970584042161 0.6019492886563217
0.5149786608146975 0.014234971276064101
0.7197887558650954 0.44056180969639036
0.4183467437445908 0.8881609788531525
0.4071410082718876 0.1854862091366939
0.36794906311412345 0.7766917690260116
0.6320462838852455 0.5145085564790899
0.11184004453133767 0.847451896820646
0.5486413229527424 0.6606390692246675
0.8632064068593797 0.11116677091162375
0.6860751239967221 0.0905395828502551
0.7602061609219318 0.1257756047689368
0.7696322774212431 0.01641441000673316
0.05226833530878627 0.825137359830501
0.33910664265585144 0.10409601383503031
0.9533677128780572 0.7362601754833024
0.4806002702569796 0.3523142606245916
0.5813088073720712 0.9473991070665944
0.8101832295893334 0.9160819187131689
0.14672666957657376 0.33928021975584566
0.05982948317476411 0.7876550945669607
0.4849597132465594 0.9106284544415842
0.2378223379023513 0.2590526644886061
0.41024807271692254 0.61142811816663
0.8236846644998399 0.9587322140600734
0.4698631985944772 0.5131474494383333
0.10089724709789927 0.8746303290552393
0.9278538628852792 0.5339585084282777
0.10539394830007343 0.6368070622835673
0.532290312264133 0.2614099538955098
0.6677150309513279 0.0153235621016784
0.8757838045617993 0.4731551929971757
0.6459124050530672 0.5105357049519296
0.5118666737926559 0.031220275708932044
0.39698285840349123 0.9473589962930906
0.17742099056264082 0.3817077836400362
0.9371427922426707 0.9688938910883124
0.5093465542776852 0.5119431496693425
0.03181644313206056 0.1298148818964331
0.684816478417361 0.9974612891160064
0.8123192325571776 0.041963172296549
0.71018098053226 0.6852609864219174
0.5074804369391541 0.2079226927176906
0.6763243056881459 0.8204159025406587
0.705606346902451 0.7698151793165341
0.6051832982421702 0.6627918194512114
0.15410400112430123 0.8341226974268359
0.74103676860833 0.7553340704913758
0.49843859789749567 0.7024896048761804
0.5108853968646164 0.7926393998449596
0.20175720239915895 0.49921087077124715
0.4028782202041107 0.2886082372557188
0.5199539546090205 0.03065022008798579
0.6192989611832068 0.724369907421025
0.4871992716297303 0.5382021676192661
0.43219086152243846 0.6751329315976266
0.9998223177611941 0.8164933073026139
0.08197728336594545 0.4787861466225867
0.9851401947880402 0.6824945688103015
0.11546472224747062 0.9229098000723659
0.4012125633284557 0.7630687399133249
0.2168646823614263 0.8401136889100544
0.32343560079537415 0.5133050928086276
0.6726908557249159 0.037220429317673775
0.5475929307318523 0.01817598696230327
0.25689888218478674 0.11386488745744427
0.5383340915900716 0.8735467716016683
0.09794115473856246 0.5077821600929732
0.14814900300209277 0.26286236422639364
0.9032995376684845 0.46686777396353996
0.7454097383732758 0.29933298632236294
0.47661430495604373 0.9548311873709918
0.21209006899227922 0.15634692720727483
0.6486585390880306 0.3830283929458089
0.1724612724611584 0.311763335528465
0.029873711182137996 0.08515778359686133
0.3018812566551038 0.48661673789735216
0.568197803611847 0.8787507557266064
0.666389464722065 0.5788241515370247
0.9338035247711111 0.11647755589203102
0.6299924854368871 0.7623148730795044
0.2928527886924325 0.8781065984455011
0.6564438421858535 0.5210061392925681
0.24151458314989604 0.9060099518396316
0.5642299620942047 0.6458035102248103
0.7542787025532766 0.855492862018398
0.9564575260123047 0.5381127746403427
0.8377527771281963 0.5427298505146034
0.22486842413787922 0.5040133554435559
0.18668570646301186 0.5214260946408342
0.3095807451730459 0.21483582142666002
0.3175426177233204 0.83655882508277
0.9750161422331722 0.39307829721599064
0.7689425325145387 0.9172148305687243
0.3270299398655243 0.29576879531412004
0.49619752190534283 0.24399858059532964
0.8069268432349884 0.21061882731318127
0.2561201961875388 0.9615619707548072
0.3195551847932151 0.9739964684295745
0.12393860062381579 0.4187299824856582
0.8849572975392992 0.27732871621204824
0.3741817714227291 0.8748432527762401
0.3543939750378282 0.8192474981692821
0.4437965321870182 0.9559848721909122
0.9348127093913815 0.7443035448867323
0.6045854138284814 0.31617470075965615
0.8447410849051467 0.08046041192905418
0.848968466268276 0.5276441834865756
0.27350803081296815 0.4770247848336159
0.06500924804984998 0.7788348291640075
0.7621699655189593 0.8727481369732148
0.8710244535723705 0.5757544007757197
0.20060936403695184 0.2193975341267862
0.3742034950674896 0.2786860934939013
0.5895595273646679 0.03003607691577037
0.5720985249811693 0.9683325898491689
0.25493827458281093 0.18568112121074032
0.8772299954787054 0.5686079081667983
0.8531077470571038 0.9426011783891038
0.5843686165678277 0.5239292436223844
0.6587821233845469 0.8241172996137912
0.18428772073685762 0.6534002583884527
0.2027695162508717 0.1644873988220602
0.20376897658611004 0.40953474522657207
0.6911359198501933 0.4187490236201895
0.25229720426395585 0.8510568418797381
0.7823874921961939 0.7710737979868647
0.22015098604317795 0.01728099325722421
0.9606164191899674 0.7861515912498697
0.9019034153925262 0.8377765794200351
0.04095949398670351 0.564308681759309
0.37430311970144636 0.7643510455941275
0.6860672814227702 0.43801338162733394
0.730156665622969 0.26875076334875525
0.19760137456022697 0.095304285679498
0.24777180267807586 0.15104780768842052
0.3777753559788639 0.8407772465417364
0.445571842093877 0.6309136290865216
0.5631398510110751 0.8247439184804466
0.9918315703161199 0.4956858336131972
0.3745231642311859 0.4475780687993006
0.1403986572184227 0.8568952027325814
0.634851269785367 0.4351455319933961
0.017899284781314972 0.761586916118344
0.8019208740183317 0.9088110057614718
0.42573663765630343 0.01390462934514114
0.8772181611618272 0.6003352200520182
0.7369619964089992 0.34883056983155114
0.8367244295461315 0.7047806809630599
0.5176994978371553 0.6328615009348049
0.9559050378078022 0.30201851250992207
0.7371050656658874 0.267513001935193
0.991913520760688 0.5715861499624878
0.6844009735590052 0.22057616464656415
0.7452731952546618 0.8472296345887991
0.7160270264270971 0.6942010683791333
0.17055520441694705 0.7098855235065393
0.17944993295743195 0.41306556201709277
0.038111736512134065 0.01044699648842573
0.7826724761699599 0.07126260789240058
0.8059260904713571 0.34127521176667475
0.21138322274689847 0.49622364003428066
0.6719251636443879 0.517669966833104
0.8550936098616461 1.571039701273591E-4
0.7346388214954144 0.6901616179849464
0.2716307282660123 0.5092038267390933
0.8867839578977951 0.3647647857140197
0.20978097626498726 0.6430628673413012
0.9028766585161218 0.667263524967476
0.4859274948086716 0.42730890341648997
0.5487335388541429 0.06753951856051665
0.3835196848276292 0.948996010811659
0.3381647674865237 0.17696005818778937
0.6134107252007553 0.5193313727987239
0.3290136976563406 0.8655574456696026
0.647996707620814 0.10557260432832538
0.42590661961011644 0.09291035890580623
0.019944938396139533 0.6166863681675283
0.7074359499235674 0.525526619449371
0.9286950684915078 0.35862660153311154
0.6973224779146812 0.0886632227165931
0.8516059329031666 0.8989929497280179
0.4683951729461847 0.7337203672051265
0.034975371532935506 0.9900027354132431
0.4902002365996597 0.9819178671081968
0.7629500247036101 0.7767758471309208
0.1459747031672357 0.04141993557020329
0.32270474503706414 0.37809348110443897
0.8033911606401892 0.37788590822264023
0.7730528853935451 0.373595100934177
0.1318866224240829 0.9845858513049818
0.7925110430845179 0.8433117667735719
0.8882618765992348 0.7696605634342345
0.06879614428570358 0.01720217330101048
0.13364042646869245 0.781240811510203
0.2070050766801903 0.38703625603476255
0.9539815005944497 0.9780661894209404
0.11611308224228423 0.5354332722260791
0.6230505111226171 3.91551865918327E-4
0.11354002827494147 0.5311115330728305
0.29783770030687606 0.7622108640677655
0.12060306106882801 0.2137726567862468
0.3752947835341979 0.7683642329394443
0.9128044026449877 0.64733129088182
0.08661974400634687 0.49259197724960113
0.37193991186464725 0.15726514418170823
0.21016925536970377 0.5464336790986619
0.9984361962889948 0.40220712660559776
0.4309891243975601 0.10442914678372972
0.06280790332591912 0.8622653300463103
0.4195173229842991 0.7824754189527139
0.8926910902571333 0.02957919304298784
0.7228102621988914 0.8088667323969385
0.8718028234411402 0.849047464066539
0.9232418329494817 0.9545679982333853
0.5549104236764951 0.9582342445704161
0.9973952403948572 0.6683696459194092
0.5980611336129029 0.7433525121497288
0.031654361096316475 0.7221541952540236
0.1831540484717118 0.0677637932250782
0.28090768822253287 0.5902255813486399
0.9186784379774025 0.6854301053403556
0.4106242888132525 0.25729243254332557
0.8580536292980526 0.305646208805595
0.0707818725494106 0.27438600945094593
0.47172704833094736 0.054085820645250804
0.8201302868221145 0.9120747264345428
0.9879920535572998 0.18232336751862033
0.7475754303629124 0.4003713549280298
0.8394814333062394 0.33882851533445024
0.8140844550853573 0.39646513365695857
0.3555390024632834 0.45734158164477023
0.44444548106117343 0.8497035366044874
0.08803812073873962 0.3967197805325048
0.5030147770674313 0.6922534809961818
0.4892094312420161 0.15503870095884353
0.7103024985152204 0.048007126281600976
0.6087229334752233 0.06637109950688558
0.8602999193078278 0.252782377997831
0.39772616027768193 0.4975133571445284
0.8401600545231322 0.8528576941152226
0.4794912962893715 0.15725388873190804
0.8317222846665426 0.2644736750086719
0.4148480751985115 0.8385563649213531
0.5473956242930462 0.6036005423235763
0.12504757620653562 0.6187455614121984
0.6373354911029265 0.14546078130968476
0.9733858339459538 0.7258382447012819
0.3943257384350266 0.5472813706565614
0.9848633383975255 0.3539230531524796
0.3498525576994014 0.1899594274217149
0.7223063886642509 0.6390301359428924
0.14705956721099178 0.4357220584198308
0.3090148220483673 0.7649441650725305
0.8263939973494275 0.6361386747381998
0.1389912280827723 0.15591531895593314
0.6860381570538896 0.4934561442702289
0.28126156575916206 0.9899694450839046
0.8575643121902415 0.1325687733878017
0.9910480160338317 0.5222770483384302
0.8836231762836314 0.5411580046672727
0.9336541388605383 0.6591351122280229
0.49214311833984936 0.936832175058793
0.9429974433466417 0.15790092308686854
0.6938275762431102 0.9464257409465492
0.8619154168164632 0.3053788727197887
0.6755064991402304 0.42321933101493336
0.7602043084973648 0.16200917386301694
0.7166646478079113 0.4010062847020164
0.498737415588705 0.7143630338652163
0.8991773177122447 0.9688509437405424
0.8662583375312931 0.6065769041603739
0.4711376723880044 0.6941024366001654
0.6539528652575312 0.08886771791354109
0.5572147737295398 0.7839563796626015
0.09442644329684735 0.37311553405928155
0.197734176261811 0.5842212492456798
0.5153765666779945 0.9925087103856599
0.21768305184728098 0.14789993425864212
0.925705454895663 0.623627305474563
0.015183599276464399 0.2516803830365243
0.22919558070259927 0.3842570325679815
0.38501341846937254 0.09401762750418141
0.11544436570442129 0.1536335252689992
0.8695680117285697 0.34058115638240605
0.2794678011036811 0.37091451632386674
0.40813236309906065 0.28016295342967923
