0.25705841613662483 0.40854962385566296
0.6950863951557686 0.22452575620020054
0.5314305303746722 0.057359460724525246
0.702644841198043 0.28752833470413874
0.5953247242411435 0.8302019917146174
0.9968576976034128 0.3929637023176502
0.6534448969449987 0.8632151451365833
0.5695705126948061 0.2472022520615429
0.9862582461238871 0.8337845502208034
0.677385569592193 0.3240816249684808
0.7917827064331581 0.4514822536391552
0.824051992322317 0.6896447493259044
0.6285349068421844 0.9881592785209653
0.17837414710121102 0.2371547052251205
0.1365145826423907 0.7337954245513145
0.16065577018672428 0.537275365758199
0.308209378472155 0.8207715708558615
0.32382523022827203 0.41601703700864867
0.1471939201573097 0.4997960564527204
0.8240907650941541 0.9337944256518133
0.5739465821365356 0.8075020291098016
0.7242903257225253 0.4212457566580323
0.08537675309884862 0.3149395031858704
0.6052937433958827 0.48946545686693377
0.003097669824552507 0.8069324355343729
0.054425700580252534 0.6242550352458407
0.057653427377344024 0.026239160317476418
0.5585739335207344 0.8681227209723689
0.8222648990632838 0.051503511811229474
0.5166314349710848 0.12364872154220219
0.7074037945710105 0.7095649395075354
0.4449366022713789 0.8595367879265982
0.22199272147930937 0.3282787007391613
0.8766025941679136 0.776135337858766
0.8368930438585299 0.06887538841761154
0.5919655631530308 0.30073058831513133
0.6936289176630693 0.08704359970182085
0.18695599016213005 0.4177124404608259
0.4792751574035894 0.4328369107914878
0.31305728632868113 0.8868897950846932
0.5010108567892797 0.2011144555342117
0.6138516091167634 0.5346226435178277
0.8516651276585042 0.8933355899461499
0.5735554497161806 0.6921631905465243
0.8173603892113739 0.352479134731122
0.7004620514000973 0.6023435579409258
0.36290694849330385 0.8022046877347172
0.8192611148585386 0.6390332277095739
0.14865550951006024 0.22185232865371074
0.3826373166379743 0.9947913986040897
0.4083537853437873 0.7489890908617647
0.900328137660532 0.8888118311001862
0.9219536553765825 0.11811772702824164
0.1991772000538079 0.9908153600807277
0.12236528757783505 0.4487845955361247
0.7027728995900878 0.2425662441571066
0.7369566384782602 0.49080786638438456
0.38538794882233673 0.7023809524311647
0.9689173373353032 0.29329124081985647
0.3284222790579844 0.8494085898010396
0.9109474339060495 0.12221154192094785
0.018325299660860384 0.21565654145996294
0.0014372003084611729 0.9814920554020293
0.5954184186936435 0.4162283599285883
0.9436316880127567 0.20900236471259226
0.6001930474674165 0.38522328301469144
0.6125746082150675 0.9232282929253512
0.9343336834295177 0.43886267640501064
0.1950461460641475 0.11167584250174412
0.5682833679110098 0.33114449781654276
0.49907245803097533 0.47692676510378684
0.8641013074533329 0.8592700920092495
0.9153430415524493 0.19641713995548782
0.24174584327993032 0.05260293384754833
0.5903114608513839 0.4725092550059363
0.5975236460546307 0.7670082063864146
0.25183458044934737 0.9192772531975436
0.8341120795471649 0.7498107290419156
0.6136984281544742 0.515867037810966
0.6639093908477984 0.9673432553480629
0.6512275304139888 0.43580750004427693
0.943268436839371 0.5131171601757037
0.4061977796355052 0.8591290991115876
0.9778518041865273 0.23440329855651265
0.29165658392003024 0.4678248217248032
0.5854641147286909 0.335498402178645
0.7174491004430805 0.9413298974032357
0.5253673474801488 0.048304298108066024
0.6412258023404427 0.6580976548125748
0.46560234344771856 0.7883610678368581
0.10266981144540932 0.30015573894921543
0.7942602150061981 0.41314053932248607
0.7217049459692492 0.006936499714353617
0.011744392718128993 0.792895511709989
0.16763886941118744 0.37350677894262674
0.5229852335868908 0.6917701791444203
0.13534085643223182 0.35354278449968857
0.37734242563264575 0.3577717174318501
0.32634626229605124 0.6490688801234518
0.0753937681869199 0.13769952004016883
0.8200957725128357 0.9592425351059494
0.40071682580699153 0.8420992834487859
0.8653501593431634 0.7834840931577048
0.3271356744970766 0.20896066688788295
0.9678060356223673 0.6172576714112028
0.5688382076819948 0.6592218291627925
0.3066107601511505 0.2557056724454214
0.9483495173583578 0.7091922441915889
0.6576782019312668 0.9804267238392951
0.6633225054041594 0.546650510418517
0.22979364755504395 0.10051170909341112
0.22742452665755264 0.10330749242966686
0.8142451722299604 0.9183762814673877
0.6630808407936017 0.7904620314172437
0.0911076191116339 0.49984475078975343
0.4585050518353537 0.9259223905819182
0.8375558134618621 0.22129470136547857
0.9732946382064722 0.5746096094126443
0.4721382593804412 0.906681961742551
0.5331035064202451 0.35750479745170616
0.12025853037508849 0.2190197647256995
0.36794009680196793 0.9082683288313547
0.2504615619045535 0.8066866814214614
0.8713847801000373 0.7440001097312025
0.06077319626096778 0.3200985506107309
0.5372254595065603 0.11462858545999055
0.6237978677977823 0.7582349097056218
0.6047055280578406 0.929121503392221
0.7064699312397023 0.8624155800028462
0.5769108519688999 0.4051595469988799
0.7889461597502673 0.5159653473030265
0.8967794579242255 0.7438240012389861
0.8713476812739605 0.3496350879413178
0.5390613126885989 0.6426059654057685
0.501699989807369 0.5643061422487572
0.15096642380108227 0.23459135832822375
0.22792201473787543 0.29892298066599976
0.5694736230803136 0.5578066150038448
0.17849017168026649 0.4461516917501255
0.295843458581175 0.23156228771178144
0.1848027984117735 0.7961751367060665
0.6125716699291948 0.7393948877224641
0.6768514277248225 0.7517855931667023
0.3362297072254149 0.5703414461685249
0.24480834174220212 0.02438593167970926
0.9873692980119492 0.9867642663445685
0.2703244724168775 0.3711872432344172
0.38365111372913796 0.7393357870503064
0.3615862061048556 0.6560694371009806
0.7861589102786677 0.696166885312015
0.55255444680225 0.6490568187952379
0.6859135963185777 0.3700156437432798
0.6468821997411582 0.0671469714635351
0.3695335020535323 0.9439126761209057
0.3317369053694017 0.9094120214938716
0.022701691445314975 0.9036250464142429
0.6502321541063047 0.9009163281234182
0.7164453960315782 0.711417334095736
0.8549165289616001 0.6317384384423151
0.751252647312903 0.9281943504295553
0.5654838231746161 0.978220725313787
0.9161311192185932 0.15200531365599357
0.6048158009632965 0.5128273922195165
0.8171204940129831 0.19849518809230793
0.7948542416317137 0.883465228825545
0.1803948529647339 0.08223049961151996
0.19083525249032374 0.09015036932076759
0.9994086343550698 0.7337079229328415
0.704979383641769 0.5535393093273032
0.8210769852656566 0.6599758517049579
0.5897276979052689 0.3395617276395818
0.3628109587017214 0.7785511280317814
0.47753154020483524 0.7339690167986094
0.23029580269006977 0.922305725892823
0.8374295948771329 0.20107945425014717
0.43117888907909574 0.849585391199906
0.22950633608123516 0.44784594030780656
0.9626242391809959 0.9481662981526118
0.7169882542840019 0.7933823928879286
0.5855708561341004 0.7461073918773095
0.048377098594453494 0.4304877114256527
0.13175434082379722 0.6003787443702101
0.5919274222591355 0.8155204696255772
0.9959123122213052 0.8518766507149333
0.95127152326485 0.42672737511163084
0.9730467110806489 0.3193950007835734
0.19134974629362944 0.42132496588462265
0.4071932723904753 0.49787621127848125
0.6845550734843531 0.01668447915743143
0.20191452551641031 0.28505484043105844
0.3323083940885645 0.5094201031890678
0.9718766966034688 0.696030474442974
0.583250022960781 0.24643970154959727
0.7211372587751296 0.44479158869301116
0.5643424198277632 0.6739865525263921
0.2188311056502229 0.4285480939955164
0.7142383878932378 0.38694421409791446
0.9434446529347469 0.7057037462998934
0.9165402619741868 0.9860529930591178
0.11020353253110005 0.5172068645830447
0.2419840997104057 0.05059587973572621
0.03518962106360968 0.7975839902178932
0.023171178295499528 0.7527571571843542
0.9114110095018773 0.17195965638694366
0.3424765606393394 0.16118455621199945
0.4293980459383393 0.49394839426436843
0.18203594811609847 0.5665106789054936
0.5016691608904845 0.7898470577118593
0.21528325826290373 0.7284481221263234
0.06932583678424953 0.6035297363549301
0.4705832117225781 0.39423910546398755
0.5146416956805091 0.7451135603536081
0.4231686294711251 0.43051723943694586
0.7348773267210578 0.2564132246384804
0.09699749532731528 0.45888563274326366
0.8179545622245112 0.4720200079018375
0.24497812440893496 0.8914113480413076
0.07247763948188413 0.8634422791839327
0.21348567598008206 0.974331473752264
0.8291677389553603 0.4261355792919842
0.2348137805406666 0.5699574656517237
0.3335013494850856 0.8467798117080869
0.5616022986235484 0.8570842003250058
0.8026577631321989 0.7415095367164131
0.2164822393141218 0.9926388175577585
0.4570244549498881 0.961270463834359
0.47750766690509094 0.7529327787360872
0.8006794964609899 0.9443245165067755
0.4374380018373131 0.8856682532538687
0.7799946015217117 0.15383087515666727
0.959526033891801 0.6868039518059043
0.6422170513008794 0.6933014672147606
0.19476738191612442 0.6388748537964045
0.9830369049872165 0.3604471844426207
0.02036355333482509 0.42494193741177044
0.7802961895521414 0.588770782359905
0.514072314700371 0.5917646212499872
0.6847887333982071 0.10204628736592747
0.3190855114282437 0.9890622248130082
0.13303470193692013 0.9120754727775251
0.2004598199228601 0.3244731809536683
0.5742694494033286 0.9117313015227344
0.8287896613129104 0.3942140684661619
0.24229791798075817 0.1515896184459754
0.032384148875702845 0.4954930943995993
0.9523464265071382 0.47244788413663574
0.8583244187532977 0.5107646767554868
0.3784747381007818 0.1585019216833632
0.9801163075851002 0.6543843578833591
0.7634913041841053 0.3475240720329952
0.25199031400773286 0.3443540096915184
0.9882897330585553 0.21263565551562225
5.403138362506388E-4 0.8096398088305936
0.5019883933727696 0.5937719645417657
0.7596529256602901 0.057153598423312135
0.09804030745811787 0.5145887163476078
0.2913401745514438 0.6160788549523598
0.027439924312708475 0.620650222067422
0.9489426262316651 0.7437072630599063
0.35613879582893904 0.14463527620642114
0.43610660505872767 0.7073101247316338
0.21832400895671633 0.9276821411261276
0.24719233884000147 0.5525778724162337
0.5109195831662554 0.2210190832405574
0.8962496188579626 0.6097874540913847
0.31562710359608803 0.8598503969227265
0.7075742554241545 0.891634525356759
0.47253364109300966 0.37099428455451045
0.017765338835786015 0.5867618482459193
0.6879568567150132 0.07661703862081604
0.4237641966182767 0.5538777015606273
0.16722167536797816 0.1083661113502965
0.5359112853773473 0.7521034525925611
0.9024223477423248 0.8597404203297232
0.5307421234743074 0.9891327331129913
0.1397720027648024 0.8431077113189469
0.3468590015803358 0.5227627050243233
0.36995665750004914 0.7790010822466125
0.8645025006903162 0.16477889551098523
0.04260697474800701 0.9742655902014982
0.6437050610621996 0.4299064929499008
0.29828430307524123 0.19975027583464822
0.3771039292863386 0.4990915432948312
0.5303920950927328 0.4198200667557599
0.9092446565627517 0.04598220236953854
0.2196594074337589 0.023928570049952413
0.6603572524601409 0.9100430517536542
0.685648836159221 0.49007341083523026
0.4471857283728464 0.19973095552510767
0.3437054530098712 0.2945635383915377
0.5943888155921181 0.7499514719728414
0.47751909497537937 0.8287535947871705
0.297670160042655 0.21321706480728697
0.4386775759635858 0.516064680704844
0.4572958599006587 0.14472159394803596
0.21214691935232444 0.23322977447535775
0.40586049821240966 0.9021164782410658
0.778381544419524 0.9178356265421741
0.3882371066543635 0.33125597389791694
0.7943076029140257 0.16754306313352607
0.6308601064542759 0.9087882527733264
0.9585730250371213 0.3513895701325982
0.04579837800015363 0.9967128889199822
0.47674467467596293 0.2354972749654487
0.6364017283736322 0.29114189387066625
0.5283116106166305 0.011477728394077347
0.631693592937377 0.3305664590098073
0.7326174100183609 0.4625857352079581
0.38772558638751486 0.45123672724886166
0.48146520596261067 0.9255445684405851
0.22028188387243086 0.6699239543727199
0.8195867933411808 0.01243535569431009
0.08716641913028655 0.5662579226945661
0.684980518618219 0.8945500000587373
0.9386023332882159 0.8684358027302482
0.3990688087927685 0.6437353650909281
0.06358888109881411 0.8694843065888359
0.3979177664849406 0.7889223603347718
0.9493776277071225 0.17068873147935792
0.3843848632031768 0.3959191979001059
0.7404952200358541 0.9366986690747445
0.6634707650451271 0.31881654738595777
0.19856580355908415 0.7016125538666526
0.6858806944466406 0.4154396794303794
0.15004030034400362 0.6589149817523282
0.6807665561911369 0.38627576830689403
0.37552461023164585 0.16169753838024314
0.1341425168241812 0.6292061044001662
0.04411549916523283 0.7481649308432127
0.32029599768494066 0.1822716531041908
0.7017942391618881 0.8843743598410039
0.044402985140445383 0.9081406377579475
0.9410213590945331 0.43037080835379227
0.9131232695306939 0.373502686361326
0.796131086648583 0.6955433126296913
0.35192414967540087 0.10299770559881372
0.1020744450678972 0.7571372656272491
0.886943362269587 0.10745508441464469
0.5690861018825358 0.6038660227329455
0.2310125067489276 0.6783277475247192
0.5749545950396195 0.6238463642161397
0.9496081107213438 0.49039723678259317
0.5685961481884907 0.034091664081359996
0.6064339568238433 0.8111422056078098
0.890979967453586 0.85009067319066
0.4315581870071067 0.5181318308111136
0.4453440231053929 0.3375438344896865
0.9880494089692741 0.5914541997346718
0.5362174302361212 0.373703486067376
0.3319360908364606 0.7855406398530327
0.8277708163976214 0.6202340118022345
0.8858050184650919 0.08606520010153984
0.9089281579124867 0.8730464075240381
0.19889845913125537 0.3059195301054186
0.31444482490123793 0.4193048312185682
0.4867287939777577 0.3689967295351829
0.5589836098921297 0.6835187493845986
0.4833013279598002 0.3381372272267299
0.006978692684118437 0.5351838447807438
0.8578809664674419 0.43671410411555445
0.21234851685637213 0.26131089964941134
0.5976332037963762 0.6677047250975737
0.8489462988373081 0.9456053579853453
0.2544702168955104 0.10925982387267708
0.502432399175457 0.29621350875216645
0.8905745347429619 0.501484772106003
0.4125042058127796 0.44732816825855926
0.0014052962792702184 0.35574547193540507
0.7500987840009107 0.839915740613853
0.8042531796535988 0.21519658151125343
0.9200275235906706 0.7038512295560303
0.23584574613829468 0.9010954007094135
0.29855245299072986 0.028906873679177325
0.9491484492319859 0.10390023246819835
0.5164962143042142 0.13774785124158195
0.669916545189748 0.787880376617056
0.2644936033711198 0.5021867995836555
0.934308116798627 0.0097252053291641
0.7612234625734302 0.46256671284540496
0.594354367819806 0.7405295666619278
0.5122437213396351 0.8819698855575149
0.8923371852671468 0.9853056240274483
0.20452346685013623 0.17287148870331526
0.9987805343603381 0.5577984573679822
0.7955519380310803 0.4670340147516957
0.4943799851209264 0.7583985721028083
0.8039286402287726 0.5263276082436043
0.8514892745551882 0.33235809012903794
0.39814737610400486 0.9280489748933163
0.2555550549476442 0.7213110920572385
0.9415573343908805 0.18633018658992828
0.9456727741912476 0.4436357472610287
0.997600730596617 0.46496884734231836
0.37214689674036483 0.021990689839314403
0.3833089845409844 0.9281691623388213
0.980071538201688 0.012092713998441362
0.5896099478244282 0.8393655040771874
0.635071074503028 0.39151482576127206
0.7039470176697553 0.5299306155004284
0.6659580300923614 0.7510980758939272
0.05647302799302811 0.5085186010328699
0.9470877665332611 0.9304410400568925
0.3501746240565313 0.008156948693295751
0.1205821959391381 0.9582107500070041
0.712415193008701 0.9203874043937966
0.09195569081550692 0.7848731943353329
0.5649903471667133 0.7577667352131146
0.8667964368192672 0.19339544153611066
0.9808906182002081 0.8646225159337799
0.010823228382392469 0.5786032474801127
0.11753077713339144 0.40903454057570676
0.672231914303169 0.08048044147273936
0.27939294678216553 0.6780078218492077
0.42390621408830187 0.5023761168573713
0.017993649657791044 0.5178413728405286
0.7574379094267649 0.6136497768286077
0.43322301549524067 0.4647576533048826
0.07378309960112717 0.982888617262024
0.8199378261408367 0.7083393312834038
0.6247657589430738 0.46720554450908736
0.191741332518102 0.2826548460574573
0.6809586220803171 0.015896485310088804
0.473251950456677 0.9421703821563333
0.7180502388869122 0.5991224049090591
0.0626658574170943 0.2629570283410635
0.3038368242302778 0.2187083797290288
0.06947582596820157 0.0011036576238951934
0.1425082071296513 0.05255192677704423
0.048874934484301025 0.751295645963643
0.7356622962525845 0.8719645968803271
0.8741709300537949 0.5491939735141014
0.84555837909789 0.3305538315612351
0.5079836632346489 0.9825461523738769
0.7927179763668895 0.12912563182447245
0.2540223839165977 0.7482352963884616
0.5889111851476667 0.22469030850778215
0.2508383965290516 0.3170869752346118
0.43411622451520204 0.8903518345120165
0.04279052016177931 0.0014213122176311987
0.10235577118744232 0.08510327561981812
0.8473129897841377 0.27933891574803926
0.07751921312418975 0.7968865799743529
0.441717601661643 0.11289776331161516
0.3878760556088139 0.4363086986357583
0.5658011526096541 0.24046329041774617
0.8513340899441226 0.39973025185756006
0.1862589379701911 0.7965859064260286
0.8923807712080394 0.6678206799662023
0.28912428800961154 0.5921969260359541
0.8572302269564402 0.8050077460776667
0.7299031754999592 0.8206878560624401
0.3573780326294368 0.5011191260939554
0.4298759646437048 0.2627432441219987
0.45272694348245324 0.2763079094040445
0.9733457061369918 0.11219080759716615
0.5189348072218257 0.684279675314541
0.32129153018124623 0.8512710529865458
0.6382352041733866 0.1753540683506759
0.3074871033062704 0.29913372931597004
0.42142927039551437 0.1633030567147321
0.7474798515984639 0.005873121461102304
0.5230617632339053 0.8062221782213386
0.7238706439324354 0.5711745698169776
0.13975093035891673 0.9859445686908069
0.364320849307616 0.7699080994168946
0.6178828486903214 0.7701507174045504
0.5865995236361942 0.47801398920090743
0.9081752552168495 0.7114103420015734
0.36768344862982505 0.8807166938918469
0.06507532234518631 0.17860674344223404
0.5439650132640637 0.6505300968387753
0.5272048772314187 0.8200407143706915
0.21014090763574078 0.6581187393092996
0.4716866325572754 0.8681286720873577
0.5025692079273534 0.16422464104233025
0.9749258528753952 0.8740470861435373
0.725470543283111 0.4813379370323867
0.49199212850281204 0.7336297061069087
0.6863703660029482 0.8150601840627868
0.16519312470262748 0.19714170786167573
0.16945868406187226 0.5636681805093414
0.8474084486074966 0.5850126709309913
0.48066431959217726 0.3433970229772564
0.06518146011385806 0.9817579651982367
0.35655670102280534 0.01401418938724619
0.8415163370167401 0.9384345144369853
0.017519197525738717 0.22505534959118834
0.9690855252890003 0.7523834618598196
0.8985369120180094 0.07126397908623339
0.288224237481039 0.7973174360058216
0.6237051545527471 0.10519691337975157
0.6982214131185827 0.4078283767777342
0.12039202617345679 0.03725448110302365
0.9234374811949801 0.44379668719894105
0.23193120283540658 0.03953060943305253
0.20129268091186114 0.9201593701925871
0.3303502018962655 0.2709799150159944
0.007365232697699287 0.24892603845505445
0.38657035861572364 0.14021118786410736
0.31858039345847944 0.6103033067880567
